image: map.png
resolution: 0.03463
origin: [-50.000000, -50.000000, 0.000000]
negate: -1
#occupied_thresh: 0.65
occupied_thresh: 0.35
free_thresh: 0.196
