%YAML:1.0

startendpos: !!opencv-matrix
   rows: 10
   cols: 6
   dt: d
   data: [0., 0., 0., -0.2, -4.6, 0.,
          0., 0., 0., 37.7, 14.26, 1.9,
          0., 0., 0., 29.9, 1.4, 1.5,
          0., 0., 0., 10.4, -11.4, 0.4,
          0., 0., 0., 12.6, -0.7, 0.6,
          0., 0., 0., -5.3, 0.1, -0.3,
          0., 0., 0., 32.2, -9.3, 1.5,
          0., 0., 0., 11.3, -11.6, 0.5,
          0., 0., 0., 26.0, 1.6, 1.3,
          0., 0., 0., 7.7, -10.5, 0.3]
# [sx1,sy1,ex1,ey1; sx2,sy2,ex2,ey2; ...]

